Classification Report on Handwritten Dataset (Best MLP Config)

              precision    recall  f1-score   support

           0     0.8889    0.4848    0.6275        33
           1     0.2453    0.7879    0.3741        33
           2     0.5135    0.5758    0.5429        33
           3     0.8571    0.3636    0.5106        33
           4     0.5926    0.4848    0.5333        33
           5     0.4583    0.6667    0.5432        33
           6     0.7500    0.4545    0.5660        33
           7     0.6316    0.3636    0.4615        33
           8     0.8947    0.5152    0.6538        33
           9     0.5455    0.3636    0.4364        33

    accuracy                         0.5061       330
   macro avg     0.6378    0.5061    0.5249       330
weighted avg     0.6378    0.5061    0.5249       330
